1.509008341543889173e+02 1.799873333333333214e+00
1.495930121503792236e+02 1.775880000000000125e+00
1.482828868560330875e+02 1.749506666666666987e+00
1.469733574377938510e+02 1.733083333333333309e+00
1.456634613265657663e+02 1.707366666666666699e+00
1.443535652153377100e+02 1.682899999999999840e+00
1.430429815547554711e+02 1.662813333333333476e+00
1.417333719224249364e+02 1.643473333333333342e+00
1.404233039238583274e+02 1.621463333333333035e+00
1.391130067421736385e+02 1.593269999999999742e+00
1.378026522647094225e+02 1.580439999999999845e+00
1.364924123788042607e+02 1.557363333333333433e+00
1.351824016760171503e+02 1.537353333333333349e+00
1.338717607196553843e+02 1.510526666666666573e+00
1.325618646084272996e+02 1.496026666666666616e+00
1.312516247225221377e+02 1.477219999999999978e+00
1.299416140197349989e+02 1.448213333333333352e+00
1.286309157675937627e+02 1.431516666666666548e+00
1.273210196563656922e+02 1.410516666666666641e+00
1.260108943620195419e+02 1.393623333333333214e+00
1.247005398845553259e+02 1.363996666666666746e+00
1.233903572944296627e+02 1.350390000000000201e+00
1.220802892958630395e+02 1.329946666666666610e+00
1.207701640015169033e+02 1.310176666666666767e+00
1.194594657493756387e+02 1.286010000000000097e+00
1.181498561170451183e+02 1.264606666666666657e+00
1.168395589353604436e+02 1.247913333333333208e+00
1.155290325705576890e+02 1.222086666666666543e+00
1.142185635015344758e+02 1.207306666666666528e+00
1.129089538692039554e+02 1.179796666666666605e+00
1.115987139832987936e+02 1.163353333333333239e+00
1.102883595058346202e+02 1.136566666666666503e+00
1.089782915072679685e+02 1.119100000000000206e+00
1.076683953960398838e+02 1.096226666666666683e+00
1.063586138763708249e+02 1.073263333333333236e+00
1.050479156242295460e+02 1.051156666666666739e+00
1.037381341045604870e+02 1.026543333333333363e+00
1.024282952891119294e+02 1.012824666666666706e+00
1.011182845863248048e+02 9.778496666666666171e-01
9.980787281308110437e+01 9.577769999999999895e-01
9.849849236386863538e+01 9.302496666666666414e-01
9.718830977374295799e+01 9.068096666666666250e-01
9.587761152160170752e+01 8.822616666666666108e-01
9.456840295972777710e+01 8.550763333333334382e-01
9.325862144005871812e+01 8.287926666666666220e-01
9.194883992038964493e+01 8.075006666666666444e-01
9.063848544292545739e+01 7.868870000000000031e-01
8.932927688105152697e+01 7.557350000000000456e-01
8.801949536138246799e+01 7.344286666666667296e-01
8.670971384171340901e+01 7.098336666666665851e-01
8.539935936424920726e+01 6.885520000000000529e-01
8.409015080237527684e+01 6.573436666666666595e-01
8.278036928270620365e+01 6.340406666666666968e-01
8.147116072083228744e+01 6.088339999999999863e-01
8.016195215895835702e+01 5.797033333333332372e-01
7.885217063928928383e+01 5.540723333333333889e-01
7.754296207741535341e+01 5.279566666666666297e-01
7.623375351554143720e+01 5.031833333333333158e-01
7.492511791146262112e+01 4.705749999999999655e-01
7.361533639179357635e+01 4.477946666666666742e-01
7.230612782991964593e+01 4.197113333333333807e-01
7.099749222584082986e+01 3.911306666666666820e-01
6.968942957955717077e+01 3.608910000000000173e-01
6.838022101768324035e+01 3.348990000000000578e-01
6.707215837139955283e+01 3.067436666666666922e-01
6.576409572511590795e+01 2.742506666666666426e-01
6.445603307883222044e+01 2.466119999999999979e-01
6.314797043254856135e+01 2.178143333333333320e-01
6.184105370185515227e+01 1.869823333333333337e-01
6.053413697116174319e+01 1.548849999999999949e-01
5.922722024046833411e+01 1.270901666666666707e-01
5.792144942536518926e+01 9.490373333333333716e-02
5.661682452585230152e+01 6.167076666666667512e-02
5.531277258413455655e+01 3.071741000000000055e-02
5.401043951580219016e+01 -8.365666666666662747e-04
5.271039827865035221e+01 -3.563215666666666448e-02
5.140921112590825715e+01 -6.526089999999999669e-02
5.011375355111745478e+01 -9.772463333333332447e-02
4.882345259648284497e+01 -1.343772666666666615e-01
4.753372459964335661e+01 -1.693403333333333149e-01
4.624342364500875391e+01 -2.058436666666666470e-01
4.495083085919360855e+01 -2.439026666666667120e-01
4.365480032660769183e+01 -2.825389999999999846e-01
4.235533204725098244e+01 -3.189606666666666701e-01
4.105414489450888738e+01 -3.591989999999999905e-01
3.975009295279113530e+01 -4.007409999999999584e-01
3.844374917989285478e+01 -4.385086666666666577e-01
3.713683244919945281e+01 -4.801296666666667323e-01
3.582819684512065805e+01 -5.240576666666667549e-01
3.451841532545159197e+01 -5.661433333333334428e-01
3.320806084798738311e+01 -6.068939999999999335e-01
3.189770637052320978e+01 -6.534486666666666776e-01
3.058677893526386882e+01 -6.983949999999999880e-01
2.927527854220942771e+01 -7.439966666666665285e-01
2.796377814915495463e+01 -7.876379999999999493e-01
2.665285071389564564e+01 -8.366173333333332129e-01
2.534135032084119743e+01 -8.865376666666666683e-01
2.402984992778672435e+01 -9.325149999999999828e-01
2.271834953473228325e+01 -9.806430000000000424e-01
2.140799505726807794e+01 -1.034378666666666780e+00
2.009649466421362973e+01 -1.086843333333333383e+00
1.878499427115918508e+01 -1.134563333333333368e+00
1.747406683589984766e+01 -1.188553333333333351e+00
1.616313940064053867e+01 -1.244649999999999812e+00
1.419674824775154320e+01 -1.308376666666666743e+00
1.223035709486255307e+01 -1.369853333333333145e+00
1.092000261739837441e+01 -1.431923333333333437e+00
9.609075182139036997e+00 -1.488383333333333391e+00
8.298147746879726228e+00 -1.544266666666666676e+00
6.988366227210659254e+00 -1.606423333333333314e+00
5.677438791951321839e+00 -1.667930000000000135e+00
4.367084314487144958e+00 -1.731026666666666713e+00
3.056729837022942320e+00 -1.786710000000000020e+00
1.746375359558765661e+00 -1.858646666666666558e+00
4.360208820945631336e-01 -1.920239999999999947e+00
-8.749065531647483018e-01 -1.987896666666666867e+00
-2.185261030628950607e+00 -2.046499999999999986e+00
-3.495042550298018469e+00 -2.127446666666666708e+00
-4.805969985557329238e+00 -2.184573333333333256e+00
-6.116324463021531876e+00 -2.251766666666666694e+00
-7.426105982690600626e+00 -2.321493333333333187e+00
-8.736460460154777508e+00 -2.400719999999999743e+00
-1.004681493761897926e+01 -2.466870000000000562e+00
-1.135716941508318101e+01 -2.535909999999999886e+00
-1.266695093475222400e+01 -2.616129999999999622e+00
-1.397730541221642575e+01 -2.685316666666666574e+00
-1.528765988968062928e+01 -2.765209999999999724e+00
-1.659744140934967049e+01 -2.830656666666666155e+00
-1.790722292901874013e+01 -2.919870000000000410e+00
-1.921815036427807399e+01 -2.987743333333333418e+00
-2.052793188394711876e+01 -3.067930000000000046e+00
-2.183771340361618485e+01 -3.142053333333333143e+00
-2.314806788108039015e+01 -3.232466666666666821e+00
-2.445842235854456703e+01 -3.299906666666667210e+00
-2.576877683600876523e+01 -3.380323333333333125e+00
-2.707855835567783487e+01 -3.466229999999999478e+00
-2.838891283314201530e+01 -3.545573333333333910e+00
-2.969869435281108139e+01 -3.624276666666666813e+00
-3.100904883027528314e+01 -3.699860000000000149e+00
-3.231883034994434922e+01 -3.794606666666666683e+00
-3.362918482740852255e+01 -3.868723333333333514e+00
-3.493953930487273141e+01 -3.952993333333333137e+00
-3.624932082454179749e+01 -4.030503333333333771e+00
-3.755967530200597082e+01 -4.125939999999999941e+00
-3.887002977947017968e+01 -4.195973333333332889e+00
-4.017981129913924576e+01 -4.280720000000000525e+00
-4.148959281880829053e+01 -4.365070000000000228e+00
-4.280052025406762084e+01 -4.452113333333334033e+00
-4.411030177373668693e+01 -4.528773333333333539e+00
-4.542065625120086736e+01 -4.612353333333333083e+00
-4.673043777086994055e+01 -4.703670000000000684e+00
-4.804079224833413519e+01 -4.786209999999999631e+00
-4.935114672579831563e+01 -4.866626666666666878e+00
-5.066092824546738171e+01 -4.945769999999999555e+00
-5.197128272293158346e+01 -5.040666666666666629e+00
-5.328163720039576390e+01 -5.114793333333333969e+00
-5.524688243769448093e+01 -5.210836666666666339e+00
-5.721212767499320506e+01 -5.309813333333332608e+00
-5.852248215245741392e+01 -5.395493333333332586e+00
-5.983283662992161567e+01 -5.462480000000000224e+00
-6.114204519179551767e+01 -5.558729999999999727e+00
-6.245354558484999785e+01 -5.625123333333333697e+00
-6.376332710451905683e+01 -5.720506666666667073e+00
-6.507368158198323727e+01 -5.787139999999999063e+00
-6.638403605944743902e+01 -5.862746666666666329e+00
-6.769439053691162655e+01 -5.941773333333333795e+00
-6.900474501437582830e+01 -6.016743333333332444e+00
-7.031452653404488728e+01 -6.102276666666667460e+00
-7.162545396930420338e+01 -6.169583333333332753e+00
-7.293580844676840513e+01 -6.249060000000000059e+00
-7.424616292423260688e+01 -6.312999999999999723e+00
-7.555594444390166586e+01 -6.408920000000001060e+00
-7.686687187916098196e+01 -6.484083333333333421e+00
-7.817722635662518371e+01 -6.561246666666665561e+00
-7.948758083408934283e+01 -6.632516666666667504e+00
-8.079793531155354458e+01 -6.698169999999999291e+00
-8.210828978901773212e+01 -6.782266666666666666e+00
-8.341921722427704822e+01 -6.832143333333333679e+00
-8.472899874394614983e+01 -6.920823333333333771e+00
-8.603992617920546593e+01 -6.970536666666666825e+00
-8.734970769887449649e+01 -7.047869999999999635e+00
-8.866006217633869824e+01 -7.099706666666667942e+00
-8.997041665380289999e+01 -7.167116666666665914e+00
-9.128077113126711595e+01 -7.221876666666665834e+00
-9.259169856652641784e+01 -7.276569999999999538e+00
-9.390205304399061959e+01 -7.338406666666666744e+00
-9.521240752145480712e+01 -7.385080000000001199e+00
-9.652276199891898045e+01 -7.453913333333333391e+00
-9.783368943417833918e+01 -7.487026666666667829e+00
-9.914347095384738395e+01 -7.558956666666666102e+00
-1.004543983891066858e+02 -7.591776666666666173e+00
-1.017653258243660446e+02 -7.653276666666667616e+00
-1.030756803018301895e+02 -7.691063333333334029e+00
-1.043860347792944054e+02 -7.745976666666666510e+00
-1.056963892567586214e+02 -7.789880000000000138e+00
-1.070073166920179091e+02 -7.828540000000001164e+00
-1.083176711694821250e+02 -7.884213333333333296e+00
-1.096285986047414269e+02 -7.913399999999998435e+00
-1.109389530822056429e+02 -7.972050000000000303e+00
-1.122498805174649590e+02 -7.993203333333333660e+00
-1.135602349949291465e+02 -8.054243333333332089e+00
-1.148705894723933625e+02 -8.079019999999999868e+00
-1.161809439498575500e+02 -8.127676666666665994e+00
-1.174918713851168661e+02 -8.158623333333334671e+00
-1.188022258625810821e+02 -8.197846666666666948e+00
-1.201125803400452696e+02 -8.239483333333334159e+00
-1.214235077753045857e+02 -8.262836666666668606e+00
-1.227338622527687733e+02 -8.314280000000000115e+00
-1.240447896880280894e+02 -8.329503333333333259e+00
-1.253551441654923053e+02 -8.381489999999999441e+00
-1.266654986429564929e+02 -8.394149999999999778e+00
-1.279764260782158232e+02 -8.443016666666668613e+00
-1.292867805556799965e+02 -8.460763333333332525e+00
-1.305977079909393410e+02 -8.496620000000000061e+00
-1.319080624684035286e+02 -8.527029999999999887e+00
-1.332189899036628447e+02 -8.546183333333331689e+00
-1.345287714233318752e+02 -8.586726666666667285e+00
